 0.67210485
 0.60450105
 0.53997374
 0.47948341
 0.42394969
 0.37423366
 0.33112102
 0.29530654
 0.26738002
 0.24781415
 0.23695442
 0.23501145
 0.24205575
 0.25801500
 0.28267410
 0.31567775
 0.35653557
 0.40462975
 0.45922489
 0.51947993
 0.58446183
 0.65316078
 0.72450657
 0.79738583
 0.87065965
 0.94318148
 1.01381466
 1.08144950
 1.14501940
 1.20351587
 1.25600212
 1.30162500
 1.33962513
 1.36934516
 1.39023596
 1.40186082
 1.40389761
 1.39613896
 1.37849071
 1.35096845
 1.31369276
 1.26688292
 1.21084962
 1.14598684
 1.07276293
 0.99171151
 0.90342210
 0.80853084
 0.70771151
 0.60166703
 0.49112150
 0.37681304
 0.25948745
 0.13989266
 0.01877418
-0.10312868
-0.22508569
-0.34637791
-0.46629918
-0.58415715
-0.69927392
-0.81098645
-0.91864686
-1.02162286
-1.11929837
-1.21107446
-1.29637082
-1.37462767
-1.44530844
-1.50790290
-1.56193113
-1.60694797
-1.64254813
-1.66837169
-1.68411003
-1.68951191
-1.68438962
-1.66862503
-1.64217523
-1.60507773
-1.55745492
-1.49951756
-1.43156727
-1.35399777
-1.26729463
-1.17203373
-1.06887801
-0.95857268
-0.84193892
-0.71986592
-0.59330157
-0.46324177
-0.33071856
-0.19678728
-0.06251299
 0.07104362
 0.20284062
 0.33186912
 0.45716727
 0.57783362
