 1.16395132
 1.19339838
 1.21442477
 1.22684973
 1.23060526
 1.22573809
 1.21241022
 1.19089801
 1.16158977
 1.12498198
 1.08167394
 1.03236108
 0.97782674
 0.91893270
 0.85660828
 0.79183832
 0.72564992
 0.65909826
 0.59325152
 0.52917505
 0.46791508
 0.41048209
 0.35783410
 0.31086012
 0.27036403
 0.23704916
 0.21150381
 0.19418812
 0.18542242
 0.18537738
 0.19406632
 0.21133981
 0.23688273
 0.27021415
 0.31068996
 0.35750849
 0.40971906
 0.46623352
 0.52584064
 0.58722329
 0.64897812
 0.70963755
 0.76769380
 0.82162443
 0.86991919
 0.91110754
 0.94378640
 0.96664770
 0.97850505
 0.97831909
 0.96522093
 0.93853323
 0.89778831
 0.84274299
 0.77338971
 0.68996354
 0.59294490
 0.48305783
 0.36126363
 0.22874993
 0.08691538
-0.06265013
-0.21818903
-0.37780344
-0.53948560
-0.70115093
-0.86067323
-1.01592107
-1.16479507
-1.30526495
-1.43540593
-1.55343354
-1.65773625
-1.74690516
-1.81976020
-1.87537222
-1.91308051
-1.93250536
-1.93355535
-1.91642926
-1.88161237
-1.82986739
-1.76222001
-1.67993949
-1.58451452
-1.47762495
-1.36110992
-1.23693305
-1.10714538
-0.97384685
-0.83914711
-0.70512649
-0.57379787
-0.44707036
-0.32671540
-0.21433607
-0.11134017
-0.01891766
 0.06197714
 0.13063831
