 0.360866578
 0.588955606
 0.847787721
 1.127732261
 1.417014235
 1.702331897
 1.969607522
 2.204823229
 2.394886023
 2.528462579
 2.596724974
 2.593953674
 2.517953241
 2.370248858
 2.156046957
 1.883959842
 1.565511030
 1.214453771
 0.845948703
 0.475656778
 0.118809688
-0.210678468
-0.500997688
-0.743073836
-0.931004299
-1.062270718
-1.137718489
-1.161309830
-1.139673693
-1.081490400
-0.996760374
-0.896014072
-0.789523386
-0.686573402
-0.594847428
-0.519968291
-0.465225757
-0.431504699
-0.417412481
-0.419588263
-0.433162790
-0.452325833
-0.470950662
-0.483221342
-0.484209507
-0.470352469
-0.439793546
-0.392557688
-0.330549699
-0.257377493
-0.178017624
-0.098353606
-0.024628124
 0.037142573
 0.081740739
 0.105255493
 0.105482666
 0.082180427
 0.037157040
-0.025818885
-0.101280411
-0.182476889
-0.261908646
-0.331938941
-0.385433635
-0.416376279
-0.420407766
-0.395245355
-0.340945158
-0.259984377
-0.157153818
-0.039266149
 0.085299975
 0.207186757
 0.316731376
 0.404676672
 0.462864520
 0.484859151
 0.466452870
 0.406015509
 0.304660797
 0.166216764
-0.002997944
-0.194575287
-0.398566855
-0.604140052
-0.800293140
-0.976576925
-1.123770963
-1.234466216
-1.303513743
-1.328309606
-1.308898838
-1.247895075
-1.150226198
-1.022728952
-0.873626195
-0.711928174
-0.546803755
-0.386968312
